0,422
0,421
35,3
35,2
0,420
35,1
35,0
0,419
0,418
0,417
0,416
0,415
0,414
0,413
0,412
0,411
0,410
0,409
0,408
0,407
0,406
0,405
0,404
0,403
34,3
34,2
34,1
34,0
0,402
0,401
33,3
33,2
33,1
33,0
0,400
0,399
0,398
32,3
32,2
32,1
32,0
0,278
29,2
29,0
0,397
0,396
0,395
0,394
0,393
0,392
0,391
0,390
0,389
0,388
0,387
0,386
31,3
31,2
31,1
31,0
30,52
30,51
30,50
30,49
30,48
30,47
30,46
30,45
30,44
30,43
30,42
30,41
30,40
30,39
30,38
30,37
30,36
30,35
28,1
28,4
26,4
27,1
27,3
26,1
26,3
29,1
29,3
0,273
0,270
3,2
10,187
10,219
10,17
10,273
10,183
10,163
10,159
